-2.18658872641125 -1.88965940151623 0
-2.16226977290884 -1.72088540089329 0.277180006037298
-2.1742512619169 -1.54969517130584 1.12977657814842
-2.17018244505658 -1.37634531515111 2.87851304303956
-2.14656383311783 -1.20262490374248 4.51569625098622
-2.10583491312938 -1.03015354198825 5.74767727120198
-2.01693247337311 -0.874536098941754 7.02014058818123
-1.86750110188146 -0.77026823043178 8.77563559371218
-1.68827282530791 -0.719879545533828 11.8253738528472
 -1.49950718987692 -0.690405044999108 15.5485268847078
 -1.30119669711217 -0.678254852125359 18.9763113647015
 -1.0919569169529 -0.678257664259504 21.158198117526
 -0.869297137623887 -0.685996298060428 20.6526189228289
 -0.631626462102826 -0.67161341290886 18.2896980347878
 -0.427109233400349 -0.534489706347807 16.8438140137415
 -0.32743756367324 -0.312880468978642 17.2652242068413
 -0.307965354815615 -0.0825675476912409 17.2214946368176
 -0.324544276472036 0.1336172820283 15.3170758870787
 -0.304819128405283 0.338267124279596 11.0497453085441
 -0.340229153464884 0.532778135992116 7.40057424728562
 -0.431943078470771 0.701976381107344 5.72316543810396