#! FIELDS phi psi file.free der_phi der_psi
#! SET min_phi -pi
#! SET max_phi pi
#! SET nbins_phi  25
#! SET periodic_phi true
#! SET min_psi -pi
#! SET max_psi pi
#! SET nbins_psi  25
#! SET periodic_psi true
   -3.141592654   -3.141592654   24.134976800   -4.056586917    5.718662791
   -2.890265241   -3.141592654   21.272092927  -17.307737879    2.639660526
   -2.638937829   -3.141592654   17.080319618  -14.075035448    1.065704974
   -2.387610417   -3.141592654   15.003711477   -3.042281962    0.329818865
   -2.136283004   -3.141592654   15.647036386    7.718161474    0.587593445
   -1.884955592   -3.141592654   19.279513414   20.375582226    1.008653610
   -1.633628180   -3.141592654   24.787562459   18.213292403    1.755920889
   -1.382300768   -3.141592654   26.344023507   -8.580108333    3.907108180
   -1.130973355   -3.141592654   21.555553723  -25.872752977    6.965293195
   -0.879645943   -3.141592654   15.442395734  -21.645525918    9.735589276
   -0.628318531   -3.141592654   10.810863654  -16.391802359   11.572923682
   -0.376991118   -3.141592654    7.514762984   -9.464277834   12.549320078
   -0.125663706   -3.141592654    6.746184754    3.359928528   12.733283909
    0.125663706   -3.141592654    9.235858994   15.248352612   11.895479594
    0.376991118   -3.141592654   14.332771635   24.221993630   10.204249822
    0.628318531   -3.141592654   21.263629187   29.237790206    8.573479536
    0.879645943   -3.141592654   28.502141548   26.030145451    7.089168523
    1.130973355   -3.141592654   33.686800018   13.017338093    5.273317594
    1.382300768   -3.141592654   34.696605374   -6.022057272    4.179032220
    1.633628180   -3.141592654   31.176225102  -20.828901273    4.387867934
    1.884955592   -3.141592654   25.657280119  -21.239323610    5.120426391
    2.136283004   -3.141592654   21.517685717  -11.618313126    6.308382964
    2.387610417   -3.141592654   19.941276415   -1.781744083    8.455575490
    2.638937829   -3.141592654   20.719437952    7.232461808   10.392959767
    2.890265241   -3.141592654   23.151266030    9.270438788    9.407218832
    3.141592654   -3.141592654   24.134976800   -4.056586917    5.718662791

   -3.141592654   -2.890265241   26.663246694   -9.075006341   10.801628101
   -2.890265241   -2.890265241   22.691047376  -20.861168249    6.325084345
   -2.638937829   -2.890265241   17.783427297  -16.400074534    3.299015668
   -2.387610417   -2.890265241   15.225735386   -4.457427762    1.013978330
   -2.136283004   -2.890265241   15.662694073    7.511321633   -0.462070082
   -1.884955592   -2.890265241   19.397728878   21.503716245   -0.334817976
   -1.633628180   -2.890265241   25.442329385   21.436161710    2.062637990
   -1.382300768   -2.890265241   28.026095844   -3.924902219    6.622559105
   -1.130973355   -2.890265241   24.333109532  -22.139573088   11.360454358
   -0.879645943   -2.890265241   18.908454221  -19.861462084   13.928744465
   -0.628318531   -2.890265241   14.581287125  -15.541813164   14.642057703
   -0.376991118   -2.890265241   11.473593081   -8.836625789   15.241576825
   -0.125663706   -2.890265241   10.775256141    3.142597962   15.829480306
    0.125663706   -2.890265241   13.040471276   13.720233657   15.279402262
    0.376991118   -2.890265241   17.650322351   22.046923761   13.508930974
    0.628318531   -2.890265241   24.007238297   26.807724943   11.124501571
    0.879645943   -2.890265241   30.571220918   23.225411913    8.050072790
    1.130973355   -2.890265241   35.204758187   11.939012585    5.824357098
    1.382300768   -2.890265241   36.353515601   -3.970264918    7.214814666
    1.633628180   -2.890265241   33.486094837  -18.184782335   11.016439366
    1.884955592   -2.890265241   28.508072453  -19.557806116   14.084232689
    2.136283004   -2.890265241   24.746936527  -10.097835353   15.930115132
    2.387610417   -2.890265241   23.597087953    0.021964527   17.035800471
    2.638937829   -2.890265241   24.716812346    7.659821481   17.287779833
    2.890265241   -2.890265241   26.805060031    6.008893135   15.311900339
    3.141592654   -2.890265241   26.663246694   -9.075006341   10.801628101

   -3.141592654   -2.638937829   28.194367950  -11.819524611   -1.661992662
   -2.890265241   -2.638937829   23.723420476  -22.011659303   -0.649851965
   -2.638937829   -2.638937829   18.657373934  -16.757980417    1.720152080
   -2.387610417   -2.638937829   15.961884767   -5.275528600    3.517374167
   -2.136283004   -2.638937829   16.143319738    6.451435309    3.363164510
   -1.884955592   -2.638937829   19.670303613   21.038149133    1.497772306
   -1.633628180   -2.638937829   25.761076995   22.433679825   -1.053676267
   -1.382300768   -2.638937829   28.844447640   -1.005270820   -2.379999642
   -1.130973355   -2.638937829   25.951507663  -19.090012390   -1.374496626
   -0.879645943   -2.638937829   21.091681916  -18.509754003    0.447270242
   -0.628318531   -2.638937829   16.958462038  -15.106272348    1.485708965
   -0.376991118   -2.638937829   13.979434785   -8.181899426    1.879055278
   -0.125663706   -2.638937829   13.430961329    3.474849219    2.134102112
    0.125663706   -2.638937829   15.636841434   12.893155290    1.942404990
    0.376991118   -2.638937829   19.956655534   20.758883892    1.440075277
    0.628318531   -2.638937829   25.997864280   25.590170795    1.668203363
    0.879645943   -2.638937829   32.235733711   21.929599695    2.879250226
    1.130973355   -2.638937829   36.663179986   11.890075038    4.131539289
    1.382300768   -2.638937829   38.048808237   -2.171377235    4.435029940
    1.633628180   -2.638937829   35.690760587  -16.187523853    3.675424355
    1.884955592   -2.638937829   31.162205781  -17.937313916    3.170843963
    2.136283004   -2.638937829   27.750601485   -9.064390341    3.605864674
    2.387610417   -2.638937829   26.706938004   -0.231746522    3.440108858
    2.638937829   -2.638937829   27.590749380    6.018763295    1.742142551
    2.890265241   -2.638937829   29.091438329    3.082393197   -0.546907230
    3.141592654   -2.638937829   28.194367950  -11.819524611   -1.661992662

   -3.141592654   -2.387610417   25.386135622  -10.038230236  -20.254811255
   -2.890265241   -2.387610417   21.666263202  -18.054463652  -16.445010949
   -2.638937829   -2.387610417   17.678098494  -12.513251316  -11.569392800
   -2.387610417   -2.387610417   15.834496357   -3.069492370   -7.688203741
   -2.136283004   -2.387610417   16.185158362    5.594821257   -6.517010407
   -1.884955592   -2.387610417   19.171018105   17.732641821   -8.229975052
   -1.633628180   -2.387610417   24.270934996   18.229052462  -12.081569361
   -1.382300768   -2.387610417   26.455622768   -3.525833188  -16.613846118
   -1.130973355   -2.387610417   23.286054856  -18.819298703  -19.450778416
   -0.879645943   -2.387610417   18.695679150  -17.030783747  -19.396750890
   -0.628318531   -2.387610417   14.882873906  -14.253218725  -18.040099424
   -0.376991118   -2.387610417   11.985469046   -8.303134069  -17.559056067
   -0.125663706   -2.387610417   11.347317971    2.963358629  -18.228380702
    0.125663706   -2.387610417   13.427731551   12.446665633  -18.915922945
    0.376991118   -2.387610417   17.712769562   21.086720635  -18.885250248
    0.628318531   -2.387610417   24.045568091   27.763278856  -17.535769603
    0.879645943   -2.387610417   31.056856794   25.600584486  -13.785128201
    1.130973355   -2.387610417   36.290167042   13.978885241   -9.423224451
    1.382300768   -2.387610417   37.692896681   -4.185930473   -9.233270034
    1.633628180   -2.387610417   34.519929721  -19.916945810  -13.841620999
    1.884955592   -2.387610417   29.268849634  -19.623330969  -18.181468907
    2.136283004   -2.387610417   25.684207375   -9.194940049  -19.672736783
    2.387610417   -2.387610417   24.543867227   -1.116607968  -20.161415327
    2.638937829   -2.387610417   25.064698885    4.200320664  -21.040749478
    2.890265241   -2.387610417   26.179840019    2.214836643  -21.643042768
    3.141592654   -2.387610417   25.386135622  -10.038230236  -20.254811255

   -3.141592654   -2.136283004   20.074023951   -7.678541495  -17.230060724
   -2.890265241   -2.136283004   17.112339898  -14.630678638  -15.190618362
   -2.638937829   -2.136283004   13.965993276   -9.465429933  -13.730707434
   -2.387610417   -2.136283004   12.734566768   -1.341936317  -13.097495179
   -2.136283004   -2.136283004   13.334410363    5.888185070  -12.393187653
   -1.884955592   -2.136283004   16.251315993   16.838638735  -11.140787453
   -1.633628180   -2.136283004   20.916842294   15.515131017  -10.618355120
   -1.382300768   -2.136283004   22.188040242   -7.767538629  -13.136983837
   -1.130973355   -2.136283004   18.065350716  -21.597932258  -17.563502308
   -0.879645943   -2.136283004   13.187737617  -16.619180240  -19.714028937
   -0.628318531   -2.136283004    9.706463104  -12.521123743  -18.406938265
   -0.376991118   -2.136283004    7.147365551   -7.543756102  -16.026492205
   -0.125663706   -2.136283004    6.565410862    2.828172979  -14.452219007
    0.125663706   -2.136283004    8.621425449   12.429247100  -13.576375354
    0.376991118   -2.136283004   12.903428093   21.007073209  -13.599196919
    0.628318531   -2.136283004   19.268713979   28.465012511  -14.952132549
    0.879645943   -2.136283004   26.755000977   28.659037655  -15.564227311
    1.130973355   -2.136283004   32.807480307   16.556041553  -14.219904709
    1.382300768   -2.136283004   34.301622585   -6.319461343  -13.890911771
    1.633628180   -2.136283004   30.198654327  -24.291806159  -16.049533667
    1.884955592   -2.136283004   24.067405658  -21.937106508  -18.019141501
    2.136283004   -2.136283004   20.153995275   -9.858997448  -18.919059224
    2.387610417   -2.136283004   18.887868325   -1.530900855  -19.525712846
    2.638937829   -2.136283004   19.327138759    4.018248032  -19.508501297
    2.890265241   -2.136283004   20.487717593    2.900819801  -18.740785974
    3.141592654   -2.136283004   20.074023951   -7.678541495  -17.230060724

   -3.141592654   -1.884955592   18.699133197   -6.070698814    5.105572854
   -2.890265241   -1.884955592   16.084230788  -13.775423341    5.903954137
   -2.638937829   -1.884955592   12.956373823  -10.055565148    5.051165064
   -2.387610417   -1.884955592   11.576088018   -1.567839996    3.871765866
   -2.136283004   -1.884955592   12.326135933    7.356633513    4.537689952
   -1.884955592   -1.884955592   15.772047303   19.250029793    6.965241522
   -1.633628180   -1.884955592   20.869579009   15.943238210    9.236455788
   -1.382300768   -1.884955592   21.752902028  -11.133836865    8.728328600
   -1.130973355   -1.884955592   16.641503004  -25.241601946    6.054401868
   -0.879645943   -1.884955592   11.258414118  -16.758657293    4.855726356
   -0.628318531   -1.884955592    8.130749777   -9.970787834    6.314989064
   -0.376991118   -1.884955592    6.292799471   -4.649151318    9.025350487
   -0.125663706   -1.884955592    6.357432447    5.008867868   11.862020766
    0.125663706   -1.884955592    8.817671500   13.307043677   13.626105093
    0.376991118   -1.884955592   13.038548912   19.495563368   12.915727128
    0.628318531   -1.884955592   18.767242607   25.332634152    9.583436782
    0.879645943   -1.884955592   25.593412290   26.964608823    5.795315434
    1.130973355   -1.884955592   31.482898488   16.627836863    3.811596528
    1.382300768   -1.884955592   32.957482481   -6.789121650    3.374151634
    1.633628180   -1.884955592   28.681920264  -24.959480085    3.760169308
    1.884955592   -1.884955592   22.431174159  -22.335086698    4.311775012
    2.136283004   -1.884955592   18.370335769  -10.659196150    3.876486186
    2.387610417   -1.884955592   16.920855020   -1.962722061    3.129341796
    2.638937829   -1.884955592   17.375905547    4.554050626    3.197670740
    2.890265241   -1.884955592   18.755594089    4.051954508    3.932887395
    3.141592654   -1.884955592   18.699133197   -6.070698814    5.105572854

   -3.141592654   -1.633628180   20.268181033   -5.610322019   -0.425936932
   -2.890265241   -1.633628180   17.663176725  -14.318356064   -1.182653255
   -2.638937829   -1.633628180   14.279129332  -11.264146532   -2.083429647
   -2.387610417   -1.633628180   12.726775862   -1.502957098   -1.980523716
   -2.136283004   -1.633628180   13.677630375    8.760717171   -1.156682928
   -1.884955592   -1.633628180   17.574187987   21.361023674   -0.271666117
   -1.633628180   -1.633628180   23.205816536   17.799743950    1.648376216
   -1.382300768   -1.633628180   24.355639489  -10.928614901    4.422368254
   -1.130973355   -1.633628180   19.189589276  -25.508697369    6.668571169
   -0.879645943   -1.633628180   13.874281030  -15.876660877    8.169874325
   -0.628318531   -1.633628180   11.051245145   -8.556474306    8.938022092
   -0.376991118   -1.633628180    9.601204256   -2.941833924    9.218349492
   -0.125663706   -1.633628180   10.092382911    6.477433728    9.493107542
    0.125663706   -1.633628180   12.702190851   12.806784616    8.556531234
    0.376991118   -1.633628180   16.488629915   16.651274254    5.741668585
    0.628318531   -1.633628180   21.352043798   21.624345510    2.487035651
    0.879645943   -1.633628180   27.349730464   24.343233715    0.232223508
    1.130973355   -1.633628180   32.790199127   15.619733682   -0.813007829
    1.382300768   -1.633628180   34.162550886   -6.586957297   -1.023507374
    1.633628180   -1.633628180   30.062854715  -23.943347830   -0.320848136
    1.884955592   -1.633628180   23.985597563  -22.214223772    0.185267094
    2.136283004   -1.633628180   19.814124404  -11.401804391   -0.296925471
    2.387610417   -1.633628180   18.239570333   -2.077367085   -0.521282278
    2.638937829   -1.633628180   18.730718114    4.853479311   -0.269375143
    2.890265241   -1.633628180   20.200820870    4.476314957   -0.201044056
    3.141592654   -1.633628180   20.268181033   -5.610322019   -0.425936932

   -3.141592654   -1.382300768   16.620427226   -6.598948113  -27.730958984
   -2.890265241   -1.382300768   13.731293054  -15.330547724  -28.876774635
   -2.638937829   -1.382300768   10.251101887  -10.936909659  -28.692949140
   -2.387610417   -1.382300768    8.900981104   -0.553294520  -27.504852710
   -2.136283004   -1.382300768    9.981703812    8.761054605  -27.410738011
   -1.884955592   -1.382300768   13.872732914   21.780087513  -28.070144623
   -1.633628180   -1.382300768   19.915926699   20.729489813  -26.777356792
   -1.382300768   -1.382300768   22.000366279   -6.924623419  -22.922583547
   -1.130973355   -1.382300768   17.703768703  -22.848459101  -19.195669785
   -0.879645943   -1.382300768   12.835733271  -14.907636151  -17.522776413
   -0.628318531   -1.382300768   10.105276845   -8.643750176  -17.301031974
   -0.376991118   -1.382300768    8.598890904   -3.271871027  -17.505961713
   -0.125663706   -1.382300768    8.916502981    5.165231238  -18.734871780
    0.125663706   -1.382300768   10.950921746    9.626114536  -21.986085177
    0.376991118   -1.382300768   13.861685628   13.252585980  -25.717080453
    0.628318531   -1.382300768   18.050325966   19.764000265  -27.666772152
    0.879645943   -1.382300768   23.774645950   23.871819889  -27.787545473
    1.130973355   -1.382300768   29.158794460   15.501543256  -27.453405981
    1.382300768   -1.382300768   30.529457054   -6.368362106  -27.345675923
    1.633628180   -1.382300768   26.553996569  -23.325887015  -27.042228351
    1.884955592   -1.382300768   20.555889422  -22.319129494  -26.835611193
    2.136283004   -1.382300768   16.300971507  -11.770738215  -26.969756210
    2.387610417   -1.382300768   14.705029434   -1.914312029  -27.010135901
    2.638937829   -1.382300768   15.241949496    4.958900520  -26.987644870
    2.890265241   -1.382300768   16.703697017    4.223251932  -27.040117809
    3.141592654   -1.382300768   16.620427226   -6.598948113  -27.730958984

   -3.141592654   -1.130973355    9.483103287   -7.184167960  -22.395624248
   -2.890265241   -1.130973355    6.485522030  -15.302615126  -22.054543964
   -2.638937829   -1.130973355    3.188109573   -9.744274625  -20.976495770
   -2.387610417   -1.130973355    2.076298668   -0.189485214  -20.515022001
   -2.136283004   -1.130973355    3.073498738    7.916232219  -21.194021939
   -1.884955592   -1.130973355    6.781887372   21.483195184  -21.716461278
   -1.633628180   -1.130973355   12.971500211   22.243146929  -21.862468930
   -1.382300768   -1.130973355   15.624206375   -4.223683642  -21.656237133
   -1.130973355   -1.130973355   11.971559586  -20.685161120  -20.562287790
   -0.879645943   -1.130973355    7.504947795  -13.838647177  -18.797747481
   -0.628318531   -1.130973355    4.981945307   -7.994015258  -17.100618204
   -0.376991118   -1.130973355    3.571992046   -3.426362738  -16.165223336
   -0.125663706   -1.130973355    3.581406929    2.690510258  -17.302533548
    0.125663706   -1.130973355    4.768055286    5.827059122  -20.469034530
    0.376991118   -1.130973355    6.877208523   11.039094521  -22.929596282
    0.628318531   -1.130973355   10.800643830   19.670208926  -23.193533996
    0.879645943   -1.130973355   16.607548360   24.332559910  -22.674805277
    1.130973355   -1.130973355   22.058270300   15.532646414  -22.680498892
    1.382300768   -1.130973355   23.424706421   -6.336259148  -22.827792672
    1.633628180   -1.130973355   19.497167688  -23.062295990  -22.636479739
    1.884955592   -1.130973355   13.546297564  -22.255931170  -22.439634519
    2.136283004   -1.130973355    9.298322907  -11.784942048  -22.291112702
    2.387610417   -1.130973355    7.692299956   -2.044522388  -22.251722117
    2.638937829   -1.130973355    8.187848435    4.818282336  -22.495345169
    2.890265241   -1.130973355    9.641939433    4.173775286  -22.513357720
    3.141592654   -1.130973355    9.483103287   -7.184167960  -22.395624248

   -3.141592654   -0.879645943    7.621282158   -6.723152466    7.265008579
   -2.890265241   -0.879645943    4.804800499  -14.294377400    8.074901391
   -2.638937829   -0.879645943    1.754700363   -9.109007135    8.800761961
   -2.387610417   -0.879645943    0.611758301   -0.993981718    8.246689746
   -2.136283004   -0.879645943    1.402227517    7.431854352    7.430686393
   -1.884955592   -0.879645943    5.095343006   21.551066947    7.861141683
   -1.633628180   -0.879645943   11.133391902   20.781436520    7.015326619
   -1.382300768   -0.879645943   13.323081958   -5.895423421    3.400769630
   -1.130973355   -0.879645943    9.567206305  -19.602058177    1.505928392
   -0.879645943   -0.879645943    5.658237257  -10.962064901    3.983045938
   -0.628318531   -0.879645943    3.803306071   -5.870478707    7.359554344
   -0.376991118   -0.879645943    2.712814206   -3.116722931    8.894586006
   -0.125663706   -0.879645943    2.528664229    0.853471049    8.751401079
    0.125663706   -0.879645943    3.116367945    3.333594548    7.472911274
    0.376991118   -0.879645943    4.777826150   10.183477661    6.348673315
    0.628318531   -0.879645943    8.669353971   19.968209127    6.036962654
    0.879645943   -0.879645943   14.510123320   24.157146985    5.573202544
    1.130973355   -0.879645943   19.860377669   15.097326717    4.853313953
    1.382300768   -0.879645943   21.192915675   -6.154570060    4.819069589
    1.633628180   -0.879645943   17.349383465  -22.732999846    5.219435812
    1.884955592   -0.879645943   11.450136096  -22.120749096    5.318846074
    2.136283004   -0.879645943    7.265085034  -11.405752342    5.633263419
    2.387610417   -0.879645943    5.742986507   -1.891677926    6.309741155
    2.638937829   -0.879645943    6.233290456    4.720306731    6.632457175
    2.890265241   -0.879645943    7.697967891    4.372718954    6.825817934
    3.141592654   -0.879645943    7.621282158   -6.723152466    7.265008579

   -3.141592654   -0.628318531   12.238666062   -6.111967418   25.875191357
   -2.890265241   -0.628318531    9.576382206  -13.680684912   26.314496010
   -2.638937829   -0.628318531    6.621756246   -9.125533250   26.363919717
   -2.387610417   -0.628318531    5.345267783   -1.841054218   26.034216128
   -2.136283004   -0.628318531    6.029542971    7.774713587   26.177356857
   -1.884955592   -0.628318531    9.947120089   22.385104962   27.450352837
   -1.633628180   -0.628318531   15.751646605   17.568904404   26.329840716
   -1.382300768   -0.628318531   16.717261325  -11.280415186   20.410585429
   -1.130973355   -0.628318531   12.105612303  -20.257920257   15.534715335
   -0.879645943   -0.628318531    8.637433078   -7.646456501   15.979703298
   -0.628318531   -0.628318531    7.559123253   -3.505652231   18.145364786
   -0.376991118   -0.628318531    6.867298581   -2.032997322   19.523641626
   -0.125663706   -0.628318531    6.916318362    1.643483869   21.460689135
    0.125663706   -0.628318531    7.637448545    3.566496275   24.019169025
    0.376991118   -0.628318531    9.294441649    9.933986505   25.599923799
    0.628318531   -0.628318531   13.041495367   19.061053164   25.202730150
    0.879645943   -0.628318531   18.608031682   23.086700031   23.868952494
    1.130973355   -0.628318531   23.785256827   14.897713867   23.548336581
    1.382300768   -0.628318531   25.154961739   -5.866384233   23.869159885
    1.633628180   -0.628318531   21.317044585  -23.044383057   23.158345395
    1.884955592   -0.628318531   15.311044375  -22.401677875   21.882012585
    2.136283004   -0.628318531   11.173307849  -10.707958049   21.760545373
    2.387610417   -0.628318531    9.877152847   -0.995135361   22.750172212
    2.638937829   -0.628318531   10.551335604    5.325813155   23.864944178
    2.890265241   -0.628318531   12.162867620    4.984165494   24.959135400
    3.141592654   -0.628318531   12.238666062   -6.111967418   25.875191357

   -3.141592654   -0.376991118   19.620918186   -4.787898651   30.203539275
   -2.890265241   -0.376991118   17.147126047  -13.458139066   31.667585598
   -2.638937829   -0.376991118   14.178052833   -9.286285092   31.723736709
   -2.387610417   -0.376991118   12.895837550   -1.605718183   31.918798035
   -2.136283004   -0.376991118   13.757495830    8.977524546   32.884566812
   -1.884955592   -0.376991118   17.950523872   22.709119317   33.279827944
   -1.633628180   -0.376991118   23.250967790   12.847626337   29.987706547
   -1.382300768   -0.376991118   22.553367011  -18.626210931   22.972981115
   -1.130973355   -0.376991118   16.497928466  -23.687185350   16.945677042
   -0.879645943   -0.376991118   12.697040797   -7.456211224   14.053610019
   -0.628318531   -0.376991118   11.725411296   -3.143948129   12.682861445
   -0.376991118   -0.376991118   11.138504862   -1.183679806   11.836327625
   -0.125663706   -0.376991118   11.665725420    4.777354055   12.972703620
    0.125663706   -0.376991118   13.404462889    8.085486482   17.786197977
    0.376991118   -0.376991118   16.029114672   12.622780324   23.822593127
    0.628318531   -0.376991118   20.079477132   19.072638157   27.319307964
    0.879645943   -0.376991118   25.606602885   23.248415001   29.154523931
    1.130973355   -0.376991118   30.952916867   15.776148705   30.960387634
    1.382300768   -0.376991118   32.355898719   -6.825230616   30.526026642
    1.633628180   -0.376991118   28.000687674  -25.803060438   26.967789402
    1.884955592   -0.376991118   21.386424255  -24.021320372   23.563428170
    2.136283004   -0.376991118   17.106704108  -10.301836774   22.655299143
    2.387610417   -0.376991118   16.044406095    0.265556479   23.499816689
    2.638937829   -0.376991118   17.073963105    6.918646869   25.141886015
    2.890265241   -0.376991118   19.123538741    6.856984694   27.528174418
    3.141592654   -0.376991118   19.620918186   -4.787898651   30.203539275

   -3.141592654   -0.125663706   26.309879470   -0.974555763   19.420871978
   -2.890265241   -0.125663706   24.583239500  -11.624519811   24.069218626
   -2.638937829   -0.125663706   21.814985820   -9.160106828   25.816836294
   -2.387610417   -0.125663706   20.563555143   -1.327507959   25.693248922
   -2.136283004   -0.125663706   21.480894098    8.813700664   24.777348332
   -1.884955592   -0.125663706   25.315816988   19.629999683   21.361740735
   -1.633628180   -0.125663706   29.406258279    6.723420974   15.438622616
   -1.382300768   -0.125663706   27.171037662  -24.091620784   11.089981720
   -1.130973355   -0.125663706   20.003803437  -27.215413149    9.232671860
   -0.879645943   -0.125663706   15.409863869  -10.315989779    6.595837879
   -0.628318531   -0.125663706   13.772496335   -5.595094542    3.027140135
   -0.376991118   -0.125663706   12.598074609   -3.211119277   -0.718273558
   -0.125663706   -0.125663706   12.930984115    5.914204592   -3.533414717
    0.125663706   -0.125663706   15.593882099   14.048418842   -1.764491245
    0.376991118   -0.125663706   19.927323353   19.462699751    4.686751991
    0.628318531   -0.125663706   25.483816656   24.222732965   12.565541306
    0.879645943   -0.125663706   32.153631523   27.124445482   19.519885416
    1.130973355   -0.125663706   38.112598854   16.259809369   22.048886769
    1.382300768   -0.125663706   39.043468740  -10.758239195   18.449800961
    1.633628180   -0.125663706   33.531937887  -30.226621259   13.381599933
    1.884955592   -0.125663706   26.130673830  -25.695840964   11.432516627
    2.136283004   -0.125663706   21.709183471  -10.020286820   11.698010634
    2.387610417   -0.125663706   20.824284458    1.323539693   12.207327146
    2.638937829   -0.125663706   22.202347235    8.745789312   12.910978313
    2.890265241   -0.125663706   24.877197519   10.113802326   14.945319102
    3.141592654   -0.125663706   26.309879470   -0.974555763   19.420871978

   -3.141592654    0.125663706   28.193671415    4.885177345   -6.138549264
   -2.890265241    0.125663706   27.940481338   -6.816450646    0.306596806
   -2.638937829    0.125663706   25.840697427   -8.508776300    3.595883466
   -2.387610417    0.125663706   24.476630620   -2.492466648    2.966604428
   -2.136283004    0.125663706   24.914553162    5.816450241    0.644566693
   -1.884955592    0.125663706   27.607952574   13.732170062   -4.127308958
   -1.633628180    0.125663706   30.306521070    2.677540745   -8.532487732
   -1.382300768    0.125663706   27.742754624  -22.890556258   -6.763735136
   -1.130973355    0.125663706   20.983762395  -26.417896815   -2.057182195
   -0.879645943    0.125663706   16.056736900  -13.587785347   -2.362275216
   -0.628318531    0.125663706   13.367182516  -10.228173253   -7.337902054
   -0.376991118    0.125663706   10.993960896   -8.013898997  -12.882421541
   -0.125663706    0.125663706   10.293842209    3.095956471  -17.496774065
    0.125663706    0.125663706   12.839651801   16.124635286  -19.636090921
    0.376991118    0.125663706   18.270321551   25.879265866  -17.586256126
    0.628318531    0.125663706   25.778475996   32.799905693  -10.864817613
    0.879645943    0.125663706   34.358170106   32.568630908   -3.657448590
    1.130973355    0.125663706   40.699928361   13.702155649   -3.357247222
    1.382300768    0.125663706   40.381620492  -16.616103002   -8.994752244
    1.633628180    0.125663706   33.874973536  -31.584763164  -11.100812528
    1.884955592    0.125663706   26.685062103  -23.509025174   -7.151213984
    2.136283004    0.125663706   22.739290099   -8.914302190   -3.538222994
    2.387610417    0.125663706   21.887918386    0.676183193   -3.855774346
    2.638937829    0.125663706   23.024006367    7.833342043   -6.806606882
    2.890265241    0.125663706   25.745532017   11.978004930   -9.024682830
    3.141592654    0.125663706   28.193671415    4.885177345   -6.138549264

   -3.141592654    0.376991118   24.393787481    9.322129924  -20.142299330
   -2.890265241    0.376991118   25.599495844   -1.174828218  -15.395729004
   -2.638937829    0.376991118   24.357147323   -7.432497154  -12.022017941
   -2.387610417    0.376991118   22.939058662   -3.420726262  -11.572342405
   -2.136283004    0.376991118   23.003879294    3.387093584  -11.975016952
   -1.884955592    0.376991118   24.762198783    9.139155197  -14.602046409
   -1.633628180    0.376991118   26.674749996    2.265055847  -17.028658811
   -1.382300768    0.376991118   24.892630073  -17.031882956  -14.026158974
   -1.130973355    0.376991118   19.483090259  -23.292893399   -9.651796541
   -0.879645943    0.376991118   14.363417709  -17.962697190  -11.753776763
   -0.628318531    0.376991118   10.180832226  -16.547507541  -18.415029170
   -0.376991118    0.376991118    6.475931661  -12.139537545  -22.613685381
   -0.125663706    0.376991118    4.967942968    0.563723873  -23.452791197
    0.125663706    0.376991118    7.046557916   15.132222171  -23.955461913
    0.376991118    0.376991118   12.640646190   28.597205126  -23.860246400
    0.628318531    0.376991118   21.351027636   39.020090196  -20.991149789
    0.879645943    0.376991118   31.267755673   35.609531937  -17.848163660
    1.130973355    0.376991118   37.447886369    9.716672011  -18.986742496
    1.382300768    0.376991118   35.977114762  -19.972042601  -21.769127880
    1.633628180    0.376991118   29.569098322  -27.325626209  -19.147727384
    1.884955592    0.376991118   23.945898918  -16.859871497  -11.832721877
    2.136283004    0.376991118   21.160566267   -6.964404198   -7.104123632
    2.387610417    0.376991118   20.115769994   -2.460972205   -8.268843090
    2.638937829    0.376991118   20.096427977    2.381140261  -13.685187737
    2.890265241    0.376991118   21.689142027    9.496002158  -19.516900651
    3.141592654    0.376991118   24.393787481    9.322129924  -20.142299330

   -3.141592654    0.628318531   21.007313060   11.281561569   -3.334792299
   -2.890265241    0.628318531   23.130526952    3.128586317   -0.551470717
   -2.638937829    0.628318531   22.684663298   -5.702391789    2.341129698
   -2.387610417    0.628318531   21.460783236   -3.234151699    2.846364857
   -2.136283004    0.628318531   21.435490024    2.109860216    1.481032105
   -1.884955592    0.628318531   22.526229719    5.385963566   -1.901544179
   -1.633628180    0.628318531   23.661627183    0.809190960   -5.798431755
   -1.382300768    0.628318531   22.073814162  -14.690910428   -7.267260614
   -1.130973355    0.628318531   17.007321024  -24.176012998   -8.779007846
   -0.879645943    0.628318531   10.916245579  -24.174551187  -13.782673853
   -0.628318531    0.628318531    5.235716605  -20.885018665  -18.134741205
   -0.376991118    0.628318531    1.180619632  -10.776934754  -16.358104546
   -0.125663706    0.628318531    0.332894958    3.502688909  -10.512606185
    0.125663706    0.628318531    2.943770992   16.337066270   -5.856341705
    0.376991118    0.628318531    8.760495634   29.564996392   -3.906213533
    0.628318531    0.628318531   17.810297452   40.525972355   -3.799086627
    0.879645943    0.628318531   27.948845768   35.478319268   -5.035996911
    1.130973355    0.628318531   33.853096487    8.108914121   -6.158785781
    1.382300768    0.628318531   32.228524086  -18.871513181   -5.078015215
    1.633628180    0.628318531   26.658506998  -22.140616718   -2.072677379
    1.884955592    0.628318531   22.388756926  -12.245083057    0.038467790
    2.136283004    0.628318531   20.257457179   -6.553704442   -0.432415225
    2.387610417    0.628318531   18.857110317   -5.341461080   -1.976683706
    2.638937829    0.628318531   17.895551239   -1.974945472   -2.816364991
    2.890265241    0.628318531   18.472362158    6.449472442   -3.519246556
    3.141592654    0.628318531   21.007313060   11.281561569   -3.334792299

   -3.141592654    0.879645943   23.319892424   12.798450178   18.657407971
   -2.890265241    0.879645943   26.010702482    5.999851603   20.367509357
   -2.638937829    0.879645943   26.124450363   -4.863283385   21.664514829
   -2.387610417    0.879645943   24.605550729   -6.240136189   18.407152589
   -2.136283004    0.879645943   23.592318655   -2.297465134   11.950688969
   -1.884955592    0.879645943   23.595401516    1.374777366    7.355030836
   -1.633628180    0.879645943   23.905206007   -1.566104909    5.922441234
   -1.382300768    0.879645943   21.904862877  -16.031460185    5.545744993
   -1.130973355    0.879645943   16.280891503  -27.588741906    3.903770945
   -0.879645943    0.879645943    9.172417553  -28.010306094    1.621502193
   -0.628318531    0.879645943    3.066221099  -19.775552921    2.400660334
   -0.376991118    0.879645943    0.000000000   -4.593263552    7.223110334
   -0.125663706    0.879645943    0.867266966   10.182034175   13.352670476
    0.125663706    0.879645943    4.863043394   20.446465700   18.357441176
    0.376991118    0.879645943   11.321975876   30.513350768   20.913905359
    0.628318531    0.879645943   20.212108168   38.391931182   19.868112911
    0.879645943    0.879645943   29.617269195   32.383519758   15.797202329
    1.130973355    0.879645943   35.022697213    7.649033645   12.624189986
    1.382300768    0.879645943   33.639271281  -17.028240265   12.610276952
    1.633628180    0.879645943   28.389504113  -22.051073762   12.088217147
    1.884955592    0.879645943   23.727980120  -15.210703152    7.925483142
    2.136283004    0.879645943   20.782407272   -9.287654965    3.236821666
    2.387610417    0.879645943   19.149637023   -4.087808717    3.520124669
    2.638937829    0.879645943   18.944768949    2.056397598    9.801419830
    2.890265241    0.879645943   20.379763316    8.790151558   16.198284082
    3.141592654    0.879645943   23.319892424   12.798450178   18.657407971

   -3.141592654    1.130973355   28.625553765   13.475648966   19.514888020
   -2.890265241    1.130973355   31.579926660    7.316265652   19.958364549
   -2.638937829    1.130973355   31.722048139   -6.860781362   18.883062770
   -2.387610417    1.130973355   29.025732153  -13.065554833   13.647774311
   -2.136283004    1.130973355   26.315171977   -7.725498389    8.285458647
   -1.884955592    1.130973355   25.650839714    1.565468954    8.543303859
   -1.633628180    1.130973355   26.428143639    1.092093463   13.397953663
   -1.382300768    1.130973355   24.917908176  -15.182900552   16.802479247
   -1.130973355    1.130973355   19.216231643  -28.617567078   16.972846224
   -0.879645943    1.130973355   11.957104085  -27.628992489   17.242303748
   -0.628318531    1.130973355    6.291503182  -16.893056029   19.128454357
   -0.376991118    1.130973355    4.032574920   -1.426016364   20.149779545
   -0.125663706    1.130973355    5.599256491   12.604429593   19.261194417
    0.125663706    1.130973355   10.119948763   22.192761878   17.962644485
    0.376991118    1.130973355   16.873301494   30.891827716   17.297781772
    0.628318531    1.130973355   25.540317870   36.028277410   16.763890762
    0.879645943    1.130973355   34.017227277   27.874076503   14.299922958
    1.130973355    1.130973355   38.441543237    4.988667755   10.518426153
    1.382300768    1.130973355   36.752614841  -17.285391134    8.823576444
    1.633628180    1.130973355   31.300931492  -23.963474743    8.934835778
    1.884955592    1.130973355   25.866855470  -18.876949470    8.617917514
    2.136283004    1.130973355   22.264350536   -9.982906597    9.250975144
    2.387610417    1.130973355   21.169594741    0.858377938   12.897503981
    2.638937829    1.130973355   22.586964091    8.910985677   17.596452338
    2.890265241    1.130973355   25.325238178   11.815904351   19.649517675
    3.141592654    1.130973355   28.625553765   13.475648966   19.514888020

   -3.141592654    1.382300768   32.699405165   13.868741675   13.455143706
   -2.890265241    1.382300768   35.730252317    6.801212764   13.653275074
   -2.638937829    1.382300768   35.324449932  -10.591679903   10.208873248
   -2.387610417    1.382300768   31.593833481  -16.695400344    7.617936193
   -2.136283004    1.382300768   28.456452813   -6.978732595    9.777352052
   -1.884955592    1.382300768   28.612056274    6.824565703   15.277217027
   -1.633628180    1.382300768   30.701288677    5.127633473   19.269533610
   -1.382300768    1.382300768   29.562913790  -16.119656522   17.270637789
   -1.130973355    1.382300768   23.391321083  -30.401635123   12.491935881
   -0.879645943    1.382300768   16.022498721  -26.679631592   11.093606633
   -0.628318531    1.382300768   10.684076027  -16.024173227   12.032623845
   -0.376991118    1.382300768    8.284004082   -3.477900817   10.748740549
   -0.125663706    1.382300768    9.081588502    8.960662440    6.897749288
    0.125663706    1.382300768   12.705698908   19.033280577    2.465631043
    0.376991118    1.382300768   18.919086472   29.960998849   -0.273946069
    0.628318531    1.382300768   27.591067856   36.454606399    0.373584074
    0.879645943    1.382300768   35.963270823   26.321184486    1.744320437
    1.130973355    1.382300768   39.850600518    3.027300828    1.385965116
    1.382300768    1.382300768   38.045004816  -15.975740123    2.461049047
    1.633628180    1.382300768   33.243379617  -20.608449151    7.270226656
    1.884955592    1.382300768   28.660711452  -15.539495383   13.351279143
    2.136283004    1.382300768   25.922950156   -6.414498260   18.191749124
    2.387610417    1.382300768   25.617715159    3.093617954   19.767065535
    2.638937829    1.382300768   27.198485652    7.996394644   16.657096294
    2.890265241    1.382300768   29.542321064   10.276858196   13.112516413
    3.141592654    1.382300768   32.699405165   13.868741675   13.455143706

   -3.141592654    1.633628180   36.615625955   15.955926522   18.807343895
   -2.890265241    1.633628180   39.366803845    2.420708639   15.249848016
   -2.638937829    1.633628180   37.628592713  -15.027038784    7.946619261
   -2.387610417    1.633628180   33.598825017  -14.379757836    7.911049547
   -2.136283004    1.633628180   31.631129663   -0.921325777   13.961329171
   -1.884955592    1.633628180   33.196779768   11.084912442   18.826673290
   -1.633628180    1.633628180   35.580948488    2.672051626   17.550531316
   -1.382300768    1.633628180   33.000312851  -24.028297503    9.458580504
   -1.130973355    1.633628180   25.078797476  -35.082985744    1.660689859
   -0.879645943    1.633628180   17.321175638  -25.641911514    0.644900941
   -0.628318531    1.633628180   12.362993250  -15.015891656    3.133711904
   -0.376991118    1.633628180    9.870068675   -5.083726425    4.174637381
   -0.125663706    1.633628180   10.098927602    6.339585519    4.067879778
    0.125663706    1.633628180   13.066474151   16.650385255    3.940943690
    0.376991118    1.633628180   18.907988834   29.696923499    4.164466413
    0.628318531    1.633628180   27.811288528   38.115593838    4.928014249
    0.879645943    1.633628180   36.496083916   26.766534479    4.910564328
    1.130973355    1.633628180   40.373595295    3.149324202    4.204827889
    1.382300768    1.633628180   38.965979591  -12.566891910    5.450327358
    1.633628180    1.633628180   35.396613569  -14.757472764    9.154327617
    1.884955592    1.633628180   32.234090283  -10.533982326   13.002496256
    2.136283004    1.633628180   30.424047910   -4.372588993   15.030371111
    2.387610417    1.633628180   30.058045678    0.505100445   13.840763754
    2.638937829    1.633628180   30.707911086    4.420651501   11.560969460
    2.890265241    1.633628180   32.769995899   11.961666068   14.276896722
    3.141592654    1.633628180   36.615625955   15.955926522   18.807343895

   -3.141592654    1.884955592   42.044174699   13.430086908   20.647173544
   -2.890265241    1.884955592   42.871507052   -8.290735518    9.113299211
   -2.638937829    1.884955592   39.026076732  -19.039725641    0.748896582
   -2.387610417    1.884955592   35.234433889   -9.606025923    2.733775879
   -2.136283004    1.884955592   34.671827866    4.286889570    7.250944661
   -1.884955592    1.884955592   37.109212665   12.484817160    9.433176701
   -1.633628180    1.884955592   39.159451197   -1.486553825    9.479593663
   -1.382300768    1.884955592   35.022687554  -31.236160560    7.197416528
   -1.130973355    1.884955592   25.702967892  -37.954488874    5.000808253
   -0.879645943    1.884955592   18.016254458  -22.788124769    6.472927199
   -0.628318531    1.884955592   13.938762016  -11.667382850   10.510723454
   -0.376991118    1.884955592   12.078106121   -3.266500578   13.961336961
   -0.125663706    1.884955592   12.702382755    7.842582465   16.254930639
    0.125663706    1.884955592   16.034840822   17.945378830   17.984308196
    0.376991118    1.884955592   22.099076826   29.974309430   18.412300613
    0.628318531    1.884955592   30.818687846   36.280429994   15.718963611
    0.879645943    1.884955592   38.864862686   24.027647938   10.989011910
    1.130973355    1.884955592   42.289492229    2.698797756    8.985112494
    1.382300768    1.884955592   41.097045729  -10.786251575   10.425045602
    1.633628180    1.884955592   37.974436011  -13.265027932   10.898549976
    1.884955592    1.884955592   35.104399111   -9.552891026    9.636448210
    2.136283004    1.884955592   33.479611595   -4.041422984    9.303781852
    2.387610417    1.884955592   33.067903202    0.160681257   10.379716836
    2.638937829    1.884955592   34.005986879    7.909001290   14.505350921
    2.890265241    1.884955592   37.489526127   18.358018928   21.287197882
    3.141592654    1.884955592   42.044174699   13.430086908   20.647173544

   -3.141592654    2.136283004   44.961982692    2.899714094   -2.127968891
   -2.890265241    2.136283004   42.668138494  -19.601507962  -13.182371563
   -2.638937829    2.136283004   37.321386588  -19.316926372  -16.036281533
   -2.387610417    2.136283004   34.245307657   -5.563190495  -12.736667660
   -2.136283004    2.136283004   34.406123993    5.896903215  -11.512928359
   -1.884955592    2.136283004   37.203632744   14.477861498  -10.548212780
   -1.633628180    2.136283004   40.002463100    2.185257197   -4.735976423
   -1.382300768    2.136283004   36.715547278  -28.627789347    3.872149072
   -1.130973355    2.136283004   27.853904200  -36.565393867    9.284359462
   -0.879645943    2.136283004   20.617267215  -20.333543358   10.858343494
   -0.628318531    2.136283004   17.275399460   -8.606566569   11.708420209
   -0.376991118    2.136283004   16.032402086   -1.660242675   12.013843109
   -0.125663706    2.136283004   16.839871523    7.876339756   10.351696789
    0.125663706    2.136283004   20.089881325   17.284439094    7.646231687
    0.376991118    2.136283004   25.796679729   27.384302448    4.646642137
    0.628318531    2.136283004   33.474431640   30.905177859    0.063577488
    0.879645943    2.136283004   40.313945158   21.029549815   -3.522308380
    1.130973355    2.136283004   43.792926394    5.973236357   -0.392096905
    1.382300768    2.136283004   43.650455866   -7.202162827    6.769664152
    1.633628180    2.136283004   40.781057395  -14.890753440    8.815436246
    1.884955592    2.136283004   37.205032903  -12.494676002    4.871875516
    2.136283004    2.136283004   35.116576841   -4.597580842    1.122643641
    2.387610417    2.136283004   34.924145566    2.630511336    0.637691070
    2.638937829    2.136283004   36.949972292   13.692179037    3.610623095
    2.890265241    2.136283004   41.577375242   19.705718432    5.162671709
    3.141592654    2.136283004   44.961982692    2.899714094   -2.127968891

   -3.141592654    2.387610417   40.505331651   -5.009807412  -31.712172638
   -2.890265241    2.387610417   36.586220791  -23.188862450  -33.219369109
   -2.638937829    2.387610417   31.228988609  -16.695463787  -31.266412290
   -2.387610417    2.387610417   28.796618898   -4.176586791  -29.880845445
   -2.136283004    2.387610417   28.953645022    5.234770018  -30.688122383
   -1.884955592    2.387610417   31.980942506   18.014740861  -29.695552743
   -1.633628180    2.387610417   36.544105982   12.273057666  -22.698458014
   -1.382300768    2.387610417   36.010197640  -18.398959233  -11.459921184
   -1.130973355    2.387610417   28.956400678  -32.865561942   -3.783204088
   -0.879645943    2.387610417   21.935110180  -21.563606478   -3.659724938
   -0.628318531    2.387610417   18.094099597  -11.010216317   -8.047276700
   -0.376991118    2.387610417   16.157987681   -4.935021495  -13.274670536
   -0.125663706    2.387610417   16.026208558    3.924667077  -17.967449515
    0.125663706    2.387610417   18.380511720   14.294147374  -21.032562879
    0.376991118    2.387610417   23.413379499   24.656959976  -22.431329361
    0.628318531    2.387610417   30.324361074   27.912627288  -23.499495644
    0.879645943    2.387610417   36.851446314   22.530686539  -22.640937620
    1.130973355    2.387610417   41.580270172   13.850963807  -17.193808115
    1.382300768    2.387610417   43.449975788   -0.802247024  -10.203696814
    1.633628180    2.387610417   41.212451843  -16.449824084   -8.030488375
    1.884955592    2.387610417   36.579439002  -18.208454801  -11.925321047
    2.136283004    2.387610417   33.146913061   -9.010130376  -17.929473444
    2.387610417    2.387610417   32.242496830    1.461079311  -22.596634312
    2.638937829    2.387610417   34.286467751   14.299188826  -25.260483096
    2.890265241    2.387610417   38.671877961   16.253035608  -27.992058112
    3.141592654    2.387610417   40.505331651   -5.009807412  -31.712172638

   -3.141592654    2.638937829   31.470057102   -4.635259014  -35.321363391
   -2.890265241    2.638937829   27.990429870  -20.542011656  -31.721595335
   -2.638937829    2.638937829   23.225278362  -15.164352971  -29.394432142
   -2.387610417    2.638937829   20.901491961   -4.643803649  -29.391825809
   -2.136283004    2.638937829   20.935913762    5.136545375  -29.149680513
   -1.884955592    2.638937829   24.244178166   20.706167784  -28.030087844
   -1.633628180    2.638937829   30.028603108   19.260488802  -25.880848133
   -1.382300768    2.638937829   31.514369886  -10.390469076  -21.937871079
   -1.130973355    2.638937829   25.955078976  -29.740049124  -18.330095937
   -0.879645943    2.638937829   18.940396171  -24.342147631  -18.005380687
   -0.628318531    2.638937829   13.994500499  -16.347318360  -21.137600010
   -0.376991118    2.638937829   10.782436803   -9.380639929  -24.789671918
   -0.125663706    2.638937829    9.816397856    1.810743705  -26.109839635
    0.125663706    2.638937829   11.917664865   14.193902570  -25.129847483
    0.376991118    2.638937829   16.999109112   24.880268787  -23.860207549
    0.628318531    2.638937829   23.974252514   28.488543372  -22.932571748
    0.879645943    2.638937829   30.900328540   25.276447489  -21.189301459
    1.130973355    2.638937829   36.524856491   17.744513504  -19.911260939
    1.382300768    2.638937829   39.198483151    1.242489685  -20.865949639
    1.633628180    2.638937829   37.068223339  -17.692948615  -22.570196795
    1.884955592    2.638937829   31.775618341  -21.988976129  -23.911543714
    2.136283004    2.638937829   27.271221129  -13.461774785  -25.748976554
    2.387610417    2.638937829   25.309119363   -2.479088058  -28.422326711
    2.638937829    2.638937829   26.400968866   10.613202616  -32.237190047
    2.890265241    2.638937829   29.949869142   13.618492931  -35.695501796
    3.141592654    2.638937829   31.470057102   -4.635259014  -35.321363391

   -3.141592654    2.890265241   24.981695247   -2.463219413  -14.834653362
   -2.890265241    2.890265241   22.276975930  -17.409560330  -13.108989172
   -2.638937829    2.890265241   18.027266906  -14.284333731  -11.521877914
   -2.387610417    2.890265241   15.831979634   -3.989330923  -10.502177267
   -2.136283004    2.890265241   16.157544319    6.510312050   -8.727102603
   -1.884955592    2.890265241   19.682845513   20.839985445   -8.144463838
   -1.633628180    2.890265241   25.412473098   19.096354669   -9.814573140
   -1.382300768    2.890265241   27.024130977   -9.190790656  -11.328959894
   -1.130973355    2.890265241   21.871031298  -28.047812541  -10.845056461
   -0.879645943    2.890265241   15.142081641  -24.070105447   -8.926157147
   -0.628318531    2.890265241   10.019904971  -17.795437567   -7.556181734
   -0.376991118    2.890265241    6.472837522  -10.181488845   -7.030384387
   -0.125663706    2.890265241    5.555390561    2.924617040   -6.098340177
    0.125663706    2.890265241    8.028935788   15.656271308   -4.975245097
    0.376991118    2.890265241   13.344065837   25.325398545   -4.864716553
    0.628318531    2.890265241   20.465315015   29.509721942   -4.826664005
    0.879645943    2.890265241   27.734860810   26.447422861   -3.897214748
    1.130973355    2.890265241   33.287961017   15.612662764   -5.049686842
    1.382300768    2.890265241   35.084337088   -2.878800387   -9.594254724
    1.633628180    2.890265241   32.139382991  -19.628507405  -13.477357312
    1.884955592    2.890265241   26.660580109  -21.944137539  -13.997823683
    2.136283004    2.890265241   22.195943297  -13.424731754  -12.657883679
    2.387610417    2.890265241   20.113032671   -3.718076299  -11.301314529
    2.638937829    2.890265241   20.626803339    7.410423496  -11.766273916
    2.890265241    2.890265241   23.430353476   11.684821834  -14.033264936
    3.141592654    2.890265241   24.981695247   -2.463219413  -14.834653362

   -3.141592654    3.141592654   24.134976800   -4.056586917    5.718662791
   -2.890265241    3.141592654   21.272092927  -17.307737879    2.639660526
   -2.638937829    3.141592654   17.080319618  -14.075035448    1.065704974
   -2.387610417    3.141592654   15.003711477   -3.042281962    0.329818865
   -2.136283004    3.141592654   15.647036386    7.718161474    0.587593445
   -1.884955592    3.141592654   19.279513414   20.375582226    1.008653610
   -1.633628180    3.141592654   24.787562459   18.213292403    1.755920889
   -1.382300768    3.141592654   26.344023507   -8.580108333    3.907108180
   -1.130973355    3.141592654   21.555553723  -25.872752977    6.965293195
   -0.879645943    3.141592654   15.442395734  -21.645525918    9.735589276
   -0.628318531    3.141592654   10.810863654  -16.391802359   11.572923682
   -0.376991118    3.141592654    7.514762984   -9.464277834   12.549320078
   -0.125663706    3.141592654    6.746184754    3.359928528   12.733283909
    0.125663706    3.141592654    9.235858994   15.248352612   11.895479594
    0.376991118    3.141592654   14.332771635   24.221993630   10.204249822
    0.628318531    3.141592654   21.263629187   29.237790206    8.573479536
    0.879645943    3.141592654   28.502141548   26.030145451    7.089168523
    1.130973355    3.141592654   33.686800018   13.017338093    5.273317594
    1.382300768    3.141592654   34.696605374   -6.022057272    4.179032220
    1.633628180    3.141592654   31.176225102  -20.828901273    4.387867934
    1.884955592    3.141592654   25.657280119  -21.239323610    5.120426391
    2.136283004    3.141592654   21.517685717  -11.618313126    6.308382964
    2.387610417    3.141592654   19.941276415   -1.781744083    8.455575490
    2.638937829    3.141592654   20.719437952    7.232461808   10.392959767
    2.890265241    3.141592654   23.151266030    9.270438788    9.407218832
    3.141592654    3.141592654   24.134976800   -4.056586917    5.718662791
