-2.18684236326051 -0.944929475130222 -208.036324907682
-2.03519935511756 -0.931079377934642 -207.407857010075
-1.88085265844876 -0.93288838531269 -204.956298485508
-1.72284241680551 -0.930323932553019 -201.121716577097
-1.56014904240184 -0.913394613313434 -197.491096847067
-1.3903196817645 -0.905744350811246 -196.144172609956
-1.21328923205993 -0.904582565666119 -198.136263408518
-1.02890862444762 -0.902553128842021 -201.215991805194
-0.837646509423302 -0.915116455236818 -204.064667668032
 -0.65507895891434 -0.842633300111364 -205.440965011325
 -0.5676250869055 -0.666115253948692 -203.209959204391
 -0.573884525583599 -0.478052261696032 -199.655932870684
 -0.527281809589866 -0.309031234969859 -197.416456331533
 -0.487685439754655 -0.148498745778013 -196.257408944652
 -0.44520545353829 0.00224768712752699 -196.562710401007
 -0.40063398330345 0.145062724209793 -198.030686730779
 -0.348904138596845 0.279827458457363 -200.606473489401
 -0.323479978875796 0.416098568670035 -203.761414386043
 -0.276368780335448 0.540879867209602 -207.065142124638
 -0.278385589966006 0.666930684124969 -209.007386302256
 -0.242982290226873 0.782944011241136 -210.165170157619
